0 1.36888 -3.5713 0.164802
1 1.36888 -3.5713 0.16416
2 1.36888 -3.5713 0.163622
3 1.37989 -3.57042 0.16124
4 2.0028 -3.47718 0.157358
5 2.05714 -3.46865 0.0660755
6 2.06195 -3.47155 -0.731197
7 2.05195 -3.45379 -1.34673
8 2.05232 -3.43098 -1.96027
9 2.06542 -3.41348 -2.59834
10 2.07726 -3.40844 3.07031
11 2.08189 -3.41011 2.39603
12 2.08497 -3.40597 1.74655
13 2.07588 -3.38964 1.08705
14 2.06671 -3.35636 0.47881
15 2.05838 -3.32065 -0.0461268
16 2.34856 -3.33364 -0.0648664
17 2.94922 -3.37945 -0.0962344
18 3.5724 -3.43643 -0.106636
19 4.20466 -3.52653 -0.15555
20 4.83951 -3.62069 -0.149341
21 5.47062 -3.66892 -0.0372464
22 6.10411 -3.70827 -0.0194001
23 6.75199 -3.64753 0.0887578
24 7.40713 -3.61249 0.0323975
25 8.0627 -3.57365 0.03586
26 8.68739 -3.57102 -0.00410804
27 9.31678 -3.55834 0.0122845
28 9.91331 -3.5588 0.00840739
29 10.3013 -3.5534 0.0397924
30 10.3081 -3.54427 -0.490973
31 10.4417 -3.66969 -0.7584
32 10.9001 -4.12154 -0.776332
33 11.404 -4.60428 -0.720872
34 11.9566 -5.06804 -0.695551
35 12.5131 -5.51857 -0.657
36 13.091 -5.9676 -0.661632
37 13.4926 -6.27588 -0.650047
38 13.5554 -6.20109 -0.964971
39 13.5881 -6.1699 -1.13057
40 13.874 -6.75537 -1.10938
41 14.186 -7.37832 -1.13756
42 14.4597 -7.96777 -1.15668
43 14.7258 -8.59296 -1.19333
44 14.9778 -9.22327 -1.22696
45 15.1728 -9.82297 -1.28216
46 15.3439 -10.4231 -1.30137
47 15.5042 -11.0306 -1.34298
48 15.6425 -11.6385 -1.34959
49 15.7755 -12.2535 -1.40061
50 15.8551 -12.8377 -1.44541
51 15.9296 -13.4279 -1.47514
52 15.9592 -14.0201 -1.55246
53 15.983 -14.5803 -1.54051
54 15.9805 -15.1081 -1.60292
55 16.0155 -15.1033 -1.59796
56 16.0539 -15.1032 -1.5877
57 16.0461 -15.7346 -1.59928
58 16.042 -16.3476 -1.55311
59 16.0459 -16.963 -1.57661
60 16.0524 -17.5702 -1.55501
61 16.0475 -18.1882 -1.60538
62 16.0276 -18.7926 -1.5655
63 16.0027 -19.354 -1.60116
64 15.9981 -19.9623 -1.53814
65 15.9796 -20.4995 -1.59019
66 15.9576 -21.0864 -1.59906
67 15.9287 -21.6948 -1.59875
68 15.9179 -22.1619 -1.61463
69 15.9598 -22.1749 -1.76973
70 15.9961 -22.1903 -2.44451
71 16.0092 -22.1971 -3.08755
72 16.0537 -22.1911 -3.09712
73 16.0495 -22.1899 3.12102
74 16.0467 -22.1648 2.49888
75 16.062 -22.1423 2.14634
76 16.0581 -22.1273 2.83985
77 16.0534 -22.0954 3.07266
78 15.7489 -22.1681 -2.87353
79 15.1389 -22.3421 -2.8788
80 14.5088 -22.4779 -2.95327
81 13.8768 -22.5885 -2.97917
82 13.2981 -22.6737 -3.03456
83 12.7357 -22.7444 -3.05935
84 12.1617 -22.7717 -3.13838
85 11.6903 -22.801 -3.13187
86 11.0261 -22.7956 3.06168
87 10.5734 -22.7493 3.01393
88 10.2138 -22.7005 2.98453
89 10.1928 -22.6442 -2.90163
90 9.58214 -22.7862 -2.93254
91 8.94467 -22.9284 -2.88358
92 8.34886 -23.0489 -2.99975
93 7.71954 -23.0854 -3.10147
94 7.08224 -23.0881 3.13785
95 6.39251 -23.1251 -3.0029
96 5.7629 -23.2075 -2.97885
97 5.19534 -23.2587 -3.04944
98 4.61505 -23.2785 -3.10733
99 3.86816 -23.306 -3.06038
100 3.30017 -23.318 -3.11193
101 2.66987 -23.3959 -3.00858
102 2.07367 -23.433 -3.11326
103 1.40818 -23.4427 -3.01632
104 0.794317 -23.5003 -3.0497
105 0.164586 -23.5742 -3.00286
106 -0.429727 -23.6314 -3.05764
107 -1.06088 -23.6733 -3.06158
108 -1.49933 -23.7173 -2.99961
109 -1.51091 -23.7285 2.8358
110 -1.53014 -23.7412 2.24539
111 -1.58072 -23.6399 1.74038
112 -1.70161 -23.0031 1.79527
113 -1.86092 -22.3865 1.84281
114 -2.03348 -21.783 1.88014
115 -2.26221 -21.1324 1.94231
116 -2.5693 -20.38 1.98775
117 -2.85608 -19.7661 2.08432
118 -2.89535 -19.7514 1.75097
119 -2.97014 -19.2114 1.69831
120 -3.06926 -18.5507 1.78861
121 -3.22898 -17.9206 1.85586
122 -3.40777 -17.3281 1.91318
123 -3.49029 -17.1249 1.9014
124 -3.46522 -16.8706 1.47892
125 -3.39582 -16.2411 1.46865
126 -3.41229 -15.5982 1.67526
127 -3.47626 -14.924 1.67539
128 -3.56514 -14.2438 1.71315
129 -3.64593 -13.5752 1.68133
130 -3.74229 -12.8984 1.73432
131 -3.85167 -12.2161 1.8225
132 -4.00318 -11.5699 1.77201
133 -4.09795 -10.9862 1.73545
134 -4.19189 -10.3782 1.71731
135 -4.25601 -9.7659 1.69098
136 -4.34293 -9.09586 1.71017
137 -4.40556 -8.4449 1.66721
138 -4.48471 -7.73674 1.74525
139 -4.61699 -7.06778 1.80781
140 -4.80925 -6.38979 1.83583
141 -4.97897 -5.72487 1.78485
142 -5.1407 -5.04595 1.77874
143 -5.21619 -4.35676 1.66542
144 -5.26692 -3.93511 1.68065
145 -5.25645 -3.9225 1.17724
146 -5.27696 -3.91174 0.578353
147 -5.23515 -3.83548 0.0868791
148 -4.7817 -3.80045 0.0486815
149 -4.13213 -3.75896 0.0710911
150 -3.48401 -3.69008 0.0824154
151 -2.85128 -3.60615 0.164614
152 -2.20491 -3.49795 0.100509
153 -1.67565 -3.38455 0.189684
154 -1.02897 -3.2647 0.11494
155 -0.457352 -3.1727 0.142912
156 0.121674 -3.06519 0.167382
157 0.716336 -2.96336 0.0950829
158 0.422483 -2.75738 0.0769718
159 0.367298 -2.08067 0.890335
160 -0.129923 -1.66706 1.74722
161 0.11828 -1.62282 2.78557
162 -0.00148253 -2.00965 -2.40403
163 0.814358 -2.90417 -1.35515
164 0.87533 -2.90444 -0.360238
165 1.05116 -2.94478 0.0761993
166 1.76361 -2.88625 0.0928102
167 2.38472 -2.84075 0.063085
168 2.98835 -2.79633 0.0749318
169 3.5988 -2.77398 0.0380434
170 4.19067 -2.75209 0.0176293
171 4.77279 -2.76165 -0.0202449
172 5.43053 -2.77008 -0.005572
173 6.08068 -2.78945 -0.0278747
174 6.73454 -2.8055 0.012969
175 7.35934 -2.79583 -0.0109317
176 7.98851 -2.82085 -0.000399567
177 8.62301 -2.82132 -0.0269698
178 9.27058 -2.86438 -0.0647258
179 9.63927 -2.88303 -0.0108865
180 9.64338 -2.8132 -0.451871
181 10.1584 -3.06575 -0.502852
182 10.6801 -3.37033 -0.675602
183 11.1258 -3.76005 -0.731665
184 11.6626 -4.27079 -0.866812
185 12.1452 -4.82738 -0.949124
186 12.5443 -5.4427 -1.00586
187 12.9125 -6.03923 -1.01972
188 13.2965 -6.65073 -1.01676
189 13.6852 -7.2662 -1.03486
190 14.0026 -7.81194 -1.06368
191 14.3117 -8.36361 -1.08794
192 14.6005 -8.91397 -1.11661
193 14.8616 -9.44832 -1.17277
194 15.088 -9.98312 -1.20001
195 15.292 -10.5135 -1.22912
196 15.502 -11.1158 -1.26953
197 15.6781 -11.707 -1.29681
198 15.8489 -12.3218 -1.35497
199 15.9571 -12.9214 -1.41653
200 16.0447 -13.5066 -1.43868
201 16.1073 -14.1064 -1.49579
202 16.1627 -14.5983 -1.47589
203 16.2314 -15.3625 -1.52935
204 16.2471 -15.9788 -1.63179
205 16.2087 -16.5535 -1.64159
206 16.1795 -17.1153 -1.64001
207 16.1519 -17.6898 -1.62436
208 16.1165 -18.3027 -1.63404
209 16.0979 -18.9032 -1.59599
210 16.0743 -19.5023 -1.60435
211 16.0626 -20.1087 -1.60178
212 16.0198 -20.7142 -1.65451
213 15.9619 -21.3207 -1.67535
214 15.8989 -21.9099 -1.6794
215 15.8528 -22.2505 -1.71557
216 15.9272 -22.269 -2.21551
217 15.9616 -22.2918 -2.75907
218 15.9466 -22.2568 -2.81549
219 15.3575 -22.3407 -2.98442
220 14.7292 -22.433 -3.02447
221 14.0509 -22.5028 -2.97452
222 13.4654 -22.584 -3.00049
223 12.788 -22.6868 -2.90442
224 12.224 -22.8025 -2.93036
225 11.5862 -22.9339 -2.88067
226 11.0147 -23.0461 -2.92969
227 10.5136 -23.2482 -2.77528
228 9.92874 -23.3223 -3.13755
229 9.44043 -23.3992 -3.01525
230 9.14899 -23.4196 -3.04297
231 9.38289 -23.4714 -2.97242
232 9.05667 -23.376 2.88432
233 8.41213 -23.2278 2.98593
234 7.79199 -23.1228 2.94124
235 7.50985 -23.0665 2.9358
236 7.16501 -23.146 -2.94155
237 6.54894 -23.2977 -2.8713
238 5.96478 -23.4629 -2.90405
239 5.3699 -23.5805 -2.97147
240 4.79365 -23.5699 3.0944
241 4.20782 -23.5537 -3.10273
242 3.61301 -23.6068 -3.06548
243 2.99762 -23.6475 -3.067
244 2.39575 -23.7311 -2.99553
245 1.74826 -23.8149 -3.04875
246 1.08925 -23.8589 -3.1196
247 0.522892 -23.9254 -3.01145
248 -0.0341487 -24.0259 -2.97891
249 0.00282775 -24.0281 -2.78482
250 -0.00337016 -24.0337 2.91013
251 -0.417142 -23.7572 2.48721
252 -0.87442 -23.411 2.49686
253 -1.35355 -23.0434 2.48704
254 -1.8297 -22.6622 2.44706
255 -1.78468 -22.4749 2.53157
256 -1.82461 -22.5304 2.05173
257 -1.99942 -22.0643 1.93204
258 -2.23273 -21.5113 2.00369
259 -2.5316 -20.91 2.04559
260 -2.81479 -20.3496 2.03829
261 -2.85834 -20.3022 1.72868
262 -2.95129 -19.6272 1.73622
263 -3.05944 -18.9864 1.75035
264 -3.1863 -18.3707 1.84796
265 -3.36956 -17.7533 1.86841
266 -3.46722 -17.1479 1.73933
267 -3.60807 -16.3564 1.7107
268 -3.625 -15.6965 1.60093
269 -3.65471 -15.0529 1.63141
270 -3.73698 -14.4343 1.74577
271 -3.80639 -13.7489 1.63543
272 -3.87391 -13.1079 1.70081
273 -4.02674 -12.4384 1.91376
274 -4.25922 -11.8014 1.93815
275 -4.40849 -11.1804 1.76681
276 -4.54307 -10.5339 1.88116
277 -4.74334 -9.95831 1.85525
278 -4.86424 -9.28921 1.76574
279 -4.99085 -8.61512 1.70905
280 -5.07643 -7.93659 1.70984
281 -5.15162 -7.25653 1.60781
282 -5.17529 -6.57341 1.6462
283 -5.24524 -5.89016 1.63694
284 -5.27339 -5.21253 1.66255
285 -5.36512 -4.48853 1.68067
286 -5.42917 -3.7954 1.73116
287 -5.45369 -3.75504 1.62326
288 -5.46841 -3.74617 1.00657
289 -5.50561 -3.6972 0.40522
290 -5.03264 -3.60463 0.175561
291 -4.40361 -3.48453 0.186125
292 -3.7831 -3.37792 0.13049
293 -3.16667 -3.29879 0.106028
294 -2.56241 -3.22795 0.10494
295 -1.91834 -3.18025 -0.0103095
296 -1.31403 -3.20454 -0.0586115
297 -0.716465 -3.23634 -0.0734583
298 -0.0880509 -3.27973 -0.075889
299 0.512082 -3.32987 -0.0167152
300 1.10601 -3.31157 0.0234965
301 1.67559 -3.31672 -0.0377084
302 1.98234 -3.33205 -0.0605336
303 1.96504 -3.33063 -0.0582851
304 2.47909 -3.36036 -0.0506705
305 3.10052 -3.2978 0.130564
306 3.73631 -3.20544 0.112022
307 4.39022 -3.14917 0.0748777
308 5.03267 -3.10997 0.0188812
309 5.69138 -3.07123 0.111426
310 6.32845 -2.99946 0.0752312
311 6.63065 -3.00015 0.24996
312 6.64287 -3.01792 1.23842
313 6.60513 -2.80267 1.73396
314 6.48649 -2.20257 1.77358
315 6.36202 -1.60497 1.76913
316 6.22271 -1.01056 1.8189
317 6.06854 -0.422175 1.8274
318 5.87487 0.155493 1.92024
319 5.74527 0.450191 1.98996
320 5.74779 0.452209 2.95305
321 5.74498 0.475123 -2.29622
322 5.7283 0.481172 -1.30555
323 5.75299 0.471111 -0.318659
324 5.77047 0.496105 0.337331
325 5.76406 0.524096 -0.193618
326 5.79228 0.539775 -0.792407
327 5.81313 0.52978 -1.41949
328 5.8723 -0.081434 -1.46758
329 5.92734 -0.718083 -1.53347
330 5.94319 -1.33938 -1.56291
331 5.9519 -1.96348 -1.58766
332 5.9313 -2.58257 -1.61684
333 5.9536 -2.73686 -1.56346
334 5.98591 -2.73755 -0.54996
335 6.03778 -2.69844 0.405634
336 6.04016 -2.67758 1.31314
337 6.06331 -2.67453 2.25717
338 6.08066 -2.66502 -3.04251
339 6.08366 -2.64412 -1.99893
340 6.08884 -2.6581 -0.985319
341 6.21436 -2.69416 -0.355574
342 6.8328 -2.89797 -0.255292
343 7.45115 -3.00301 -0.123604
344 8.07016 -3.088 -0.132911
345 8.31806 -3.12551 -0.159631
346 8.31911 -3.14699 -0.804946
347 8.34013 -3.24371 -1.36187
348 8.45914 -3.83572 -1.37785
349 8.56324 -4.45868 -1.41734
350 8.68447 -5.25006 -1.43627
351 8.71925 -5.53304 -1.46453
352 8.7026 -5.53699 -1.75122
353 8.68686 -5.53752 -2.41395
354 8.68687 -5.5288 -3.01484
355 8.68621 -5.5324 2.55023
356 8.6773 -5.5385 1.97739
357 8.66147 -5.52284 1.32697
358 8.65201 -5.50451 0.714044
359 8.65085 -5.49245 0.102537
360 8.6553 -5.49198 -0.0724237
361 8.66615 -5.48908 0.850519
362 8.70429 -5.24785 1.38649
363 8.76071 -4.96176 1.38095
364 8.62887 -4.65312 1.99789
365 8.50623 -4.38258 1.50275
366 8.59089 -4.21997 0.950744
367 8.95788 -3.71223 0.953643
368 9.33506 -3.19354 0.905821
369 9.3411 -3.19548 0.653958
370 9.34188 -3.18654 0.066453
371 9.34705 -3.15707 -0.479544
372 9.8421 -3.43552 -0.507081
373 10.386 -3.72276 -0.50499
374 10.9473 -4.04746 -0.566083
375 11.3398 -4.29335 -0.602507
376 11.3499 -4.28239 0.0751542
377 11.3825 -4.23796 0.753286
378 11.8638 -3.76804 0.800246
379 12.2902 -3.27381 0.877315
380 12.6756 -2.75175 0.988329
381 12.7939 -2.55423 1.12941
382 12.783 -2.54214 2.15129
383 12.7949 -2.53858 -3.12414
384 12.7926 -2.52988 -2.13999
385 12.7837 -2.53753 -1.08809
386 12.9115 -2.6609 -0.855155
387 13.4285 -3.00217 -0.513992
388 14.0476 -3.33274 -0.51417
389 14.6429 -3.68331 -0.606966
390 14.699 -3.72411 -0.15164
391 14.5695 -3.78232 0.21084
392 14.5768 -3.8293 1.21358
393 14.6297 -3.81833 2.41828
394 14.6239 -3.81204 -2.90918
395 14.8915 -3.70956 -2.58871
396 14.9119 -3.69907 -2.59814
397 14.9361 -3.74162 -2.61865
398 14.9567 -3.77776 -2.43487
399 14.9179 -3.88643 -2.15219
400 14.5626 -4.43758 -2.11271
401 14.215 -4.96467 -2.20726
402 13.747 -5.39561 -2.47731
403 13.2519 -5.77562 -2.51341
404 12.7684 -6.10389 -2.59474
405 12.7671 -6.10766 -2.06554
406 12.7696 -6.10348 -1.09504
407 12.9704 -6.40176 -0.969617
408 13.3138 -6.91396 -1.0099
409 13.4686 -7.17202 -1.11212
410 13.4772 -7.17259 -1.74574
411 13.4745 -7.1711 -2.34052
412 13.0609 -7.43995 -2.54651
413 12.5668 -7.73063 -2.62836
414 12.041 -8.05104 -2.52683
415 11.524 -8.40927 -2.51941
416 11.2786 -8.59967 -2.57419
417 10.9963 -8.64665 -2.99787
418 10.5779 -8.69838 -3.04263
419 10.5877 -8.71001 -2.61087
420 10.6568 -8.68823 -2.39415
421 10.6785 -8.6917 -1.42497
422 10.7006 -8.68466 -0.18378
423 10.705 -8.68949 0.162538
424 10.7229 -8.6869 0.163471
425 10.7232 -8.69574 0.175776
426 10.7085 -8.6993 0.167224
427 10.7287 -8.70314 0.17091
428 11.364 -8.57834 0.165925
429 11.9881 -8.48462 0.125636
430 12.3151 -8.45275 0.0800168
431 12.2925 -8.45612 0.132415
432 12.3033 -8.4624 -0.498465
433 12.2969 -8.47702 -1.17488
434 12.3742 -8.98364 -1.40246
435 12.4787 -9.59088 -1.43022
436 12.5439 -10.2168 -1.43836
437 12.6347 -10.8412 -1.42966
438 12.6975 -11.3416 -1.45943
439 12.7172 -11.3427 -1.89392
440 12.755 -11.3402 -2.53514
441 12.7967 -11.3594 3.12791
442 12.8108 -11.3868 2.50043
443 12.805 -11.396 1.93531
444 12.7801 -11.3859 1.34559
445 12.7605 -11.3674 0.68937
446 12.7506 -11.3468 0.891875
447 12.7366 -11.302 1.52518
448 12.74 -10.6535 1.54293
449 12.723 -10.0035 1.64447
450 12.6684 -9.3536 1.65823
451 12.612 -8.8764 1.70079
452 12.5835 -8.8769 1.32253
453 12.5473 -8.86916 0.699993
454 12.8162 -8.76747 0.277554
455 13.3922 -8.60958 0.256893
456 14.0082 -8.46282 0.192239
457 14.364 -8.40242 0.104477
458 14.3714 -8.38785 -0.541499
459 14.3735 -8.37506 -1.14977
460 14.4394 -8.78056 -1.40681
461 14.5085 -9.40843 -1.49476
462 14.5364 -9.93597 -1.53477
463 14.5279 -9.93765 -0.694505
464 14.7795 -9.90833 -0.0164736
465 15.3781 -9.90581 -0.0088127
466 15.9563 -9.92862 -0.0646059
467 16.5568 -9.97775 -0.108279
468 17.2179 -10.0516 -0.143607
469 17.8674 -10.1767 -0.226293
470 18.3723 -10.2894 -0.207158
471 18.3746 -10.2934 -0.406597
472 18.3933 -10.3106 -1.03841
473 18.4025 -10.312 -1.67814
474 18.4123 -10.3198 -2.30862
475 18.4157 -10.3292 -2.88225
476 18.4121 -10.3349 2.74988
477 18.4163 -10.3394 2.19049
478 18.4223 -10.346 1.56359
479 18.4277 -10.3514 1.10941
480 18.4296 -10.3547 1.67157
481 18.4262 -10.3381 2.67381
482 18.4274 -10.3305 3.01
483 18.4178 -10.3293 3.00465
484 17.9491 -10.2659 3.04021
485 17.3278 -10.2155 3.03792
486 16.6956 -10.1431 3.04747
487 16.0637 -10.1047 3.07577
488 15.4267 -10.0654 3.11192
489 14.9468 -10.0659 -3.14081
490 14.9426 -10.0512 -2.65564
491 14.9343 -10.0424 -1.71941
492 14.9743 -10.2686 -1.41631
493 15.0467 -10.8703 -1.47131
494 15.095 -11.4854 -1.53217
495 15.1713 -12.1122 -1.42461
496 15.2711 -12.7527 -1.30669
497 15.3934 -13.3426 -1.39275
498 15.4567 -13.9415 -1.49477
499 15.4728 -14.5743 -1.51212
500 15.6689 -15.1473 -1.18396
501 15.8731 -15.7075 -1.25675
502 16.0534 -16.3924 -1.34197
503 16.1516 -16.8437 -1.35966
504 16.1341 -16.8484 -0.49873
505 16.3632 -16.7753 0.123829
506 16.9947 -16.7104 -0.0296344
507 17.6134 -16.7475 -0.109182
508 18.2114 -16.8222 -0.123495
509 18.8791 -16.9071 -0.179917
510 19.2671 -16.9845 -0.194305
511 19.2745 -16.9579 0.681147
512 19.2733 -16.9448 1.88109
513 19.3048 -16.937 2.8369
514 19.2437 -16.9196 3.06258
515 18.608 -16.8791 3.06323
516 17.9867 -16.8219 3.07869
517 17.3749 -16.8095 3.10645
518 16.7587 -16.7954 3.13039
519 16.2236 -16.7886 3.11431
520 16.0226 -16.7496 -2.77095
521 16.0093 -16.7324 -1.76694
522 16.0469 -17.121 -1.50311
523 16.095 -17.7376 -1.5107
524 16.1205 -18.3262 -1.55288
525 16.1443 -18.8421 -1.52943
526 16.1569 -19.4395 -1.58854
527 16.1387 -20.0343 -1.62371
528 16.0803 -20.6403 -1.70019
529 16.0052 -21.2708 -1.72911
530 15.8943 -21.9063 -1.75971
531 15.7559 -22.5279 -1.83996
532 15.7117 -22.722 -1.78973
533 15.7253 -22.7356 -0.790725
534 15.7479 -22.7194 -0.124298
535 15.7556 -22.7197 -0.124896
536 16.1181 -22.7252 0.00553939
537 16.7496 -22.7371 -0.052685
538 17.3375 -22.7815 -0.08
539 17.9842 -22.8536 -0.144964
540 18.6222 -22.9736 -0.238044
541 19.2383 -23.0666 -0.0759244
542 19.8881 -23.0697 -0.0203583
543 20.0253 -23.065 -0.0501528
544 20.0306 -23.0388 0.586692
545 20.0251 -23.0093 1.65297
546 20.0723 -23.0675 2.47991
547 20.0777 -23.0517 -2.78166
548 20.0614 -23.0396 -1.8588
549 20.0591 -23.0583 -1.05225
550 20.0738 -23.0582 -1.53218
551 20.0735 -23.0712 -2.15866
552 20.0582 -23.0668 -2.79125
553 19.9172 -23.0187 2.91446
554 19.2765 -22.8681 2.87886
555 18.6409 -22.7179 2.96756
556 17.9894 -22.626 3.10246
557 17.3722 -22.5872 3.06152
558 16.7703 -22.5622 -3.14052
559 16.765 -22.5357 2.73593
560 16.785 -22.5118 2.23524
561 16.7996 -22.4876 2.74067
562 16.5854 -22.5337 -2.89891
563 16.0068 -22.5737 -3.09086
564 15.3843 -22.6197 -3.04234
565 14.7769 -22.6694 -3.10578
566 14.7727 -22.7015 -2.33535
567 14.7834 -22.7101 -1.51498
568 14.8451 -23.2031 -1.45583
569 14.9155 -23.8165 -1.49565
570 14.968 -24.3929 -1.48987
571 15.0086 -24.779 -1.5425
572 15.03 -24.8139 -1.79285
573 15.0717 -24.902 -1.52419
574 15.1332 -24.9043 -0.600881
575 15.1605 -24.8948 0.374137
576 15.1606 -24.897 1.39848
577 15.1484 -24.8891 2.36743
578 15.1459 -24.8634 2.00176
579 14.8741 -24.2491 2.01592
580 14.5711 -23.6531 2.09007
581 14.2381 -23.0799 2.13148
582 13.8802 -22.5209 2.17362
583 13.6872 -22.2358 2.25191
584 13.6925 -22.2269 3.09257
585 13.0668 -22.2111 -3.07335
586 12.4457 -22.2659 -2.97674
587 11.8235 -22.393 -2.95212
588 11.1849 -22.5071 -2.94837
589 10.6779 -22.656 -2.87737
590 10.1666 -22.8347 -2.8128
591 9.66839 -23.0102 -2.81826
592 9.16073 -23.1841 -2.82438
593 8.94191 -23.3135 -2.62382
594 8.95379 -23.3626 -1.66311
595 9.02283 -23.8803 -1.43571
596 9.11242 -24.4614 -1.46258
597 9.17311 -25.0956 -1.50633
598 9.20748 -25.705 -1.54903
599 9.20758 -26.098 -1.61575
600 9.22542 -26.1074 -0.810512
601 9.25552 -26.1086 0.206214
602 9.27281 -26.1026 1.21879
603 9.1941 -25.8653 1.99011
604 9.01082 -25.2795 1.74525
605 8.88191 -24.656 1.82715
606 8.70498 -24.0398 1.86853
607 8.59025 -23.4692 1.7867
608 8.49739 -23.103 1.8304
609 8.48374 -23.0964 2.16545
610 8.46632 -23.0989 3.09548
611 7.83526 -23.0761 3.09775
612 7.32771 -23.0401 3.09985
613 7.3603 -23.0383 -2.72107
614 7.3517 -23.034 -1.68603
615 7.46292 -23.5122 -1.38262
616 7.58945 -24.1224 -1.43445
617 7.55857 -24.723 -1.65543
618 7.50544 -25.3761 -1.64774
619 7.45261 -25.9933 -1.6513
620 7.37554 -26.589 -1.74982
621 7.435 -26.2307 -1.80362
622 7.50022 -25.9318 -1.88111
623 7.40976 -25.8987 -2.42331
624 7.36788 -25.8455 -3.07184
625 7.35973 -25.8357 2.54676
626 7.31817 -25.8831 1.92302
627 7.29969 -25.4653 1.50752
628 7.37475 -24.8143 1.40335
629 7.43851 -24.2048 1.47095
630 7.45993 -23.6282 1.55216
631 7.45392 -23.1057 1.56868
632 7.3392 -23.102 2.23488
633 7.23277 -23.1269 -2.92318
634 6.64345 -23.2662 -2.88609
635 6.02341 -23.3849 -3.00907
636 5.42834 -23.4679 -3.01687
637 4.82201 -23.5103 -3.10463
638 4.42296 -23.5131 -3.13464
639 3.7835 -23.5424 -3.05482
640 3.16487 -23.5605 -3.12323
641 2.55676 -23.5756 -3.13205
642 1.96874 -23.5595 3.10528
643 1.47613 -23.5236 3.02028
644 1.47461 -23.4812 -2.55406
645 1.42166 -23.687 -1.66452
646 1.45046 -24.3088 -1.37198
647 1.64976 -24.9062 -1.08574
648 2.00694 -25.4501 -0.921421
649 2.33778 -25.9692 -1.26138
650 2.4018 -26.6258 -1.52068
651 2.44752 -26.7671 -0.725113
652 2.457 -26.7604 0.295475
653 2.47218 -26.7581 1.32125
654 2.39181 -26.4626 1.83151
655 2.25514 -25.9289 1.82511
656 2.11882 -25.3456 1.81094
657 1.86816 -24.7586 2.08493
658 1.5433 -24.1961 2.07722
659 1.32081 -23.7403 2.00544
660 1.35029 -23.7194 2.60415
661 1.14156 -23.7446 -3.02706
662 0.535469 -23.8224 -2.95805
663 -0.044363 -23.9719 -2.85762
664 -0.0428021 -24.003 -2.3396
665 -0.0475817 -24.0391 -1.49103
666 0.0205034 -24.6442 -1.45293
667 0.0927698 -25.2061 -1.44743
668 0.167537 -25.7943 -1.42076
669 0.261836 -26.4137 -1.44501
670 0.305602 -27.0356 -1.50358
671 0.334308 -27.3255 -1.44772
672 0.29698 -26.7368 -1.53587
673 0.297492 -26.4722 -1.66537
674 0.309534 -26.4676 -2.31144
675 0.320005 -26.4572 -2.91807
676 0.323985 -26.4431 2.74382
677 0.342511 -26.433 2.12999
678 0.311611 -26.215 1.68571
679 0.236846 -25.6297 1.74924
680 0.117557 -25.1986 2.0956
681 -0.180503 -24.651 2.06274
682 -0.495582 -24.098 2.10484
683 -0.664152 -23.8663 2.2572
684 -0.664534 -23.8562 -2.94722
685 -0.97452 -24.1106 -2.50347
686 -1.39425 -24.3546 -2.64765
687 -1.94145 -24.6364 -2.6826
688 -2.48632 -24.8874 -2.69431
689 -2.99541 -25.1485 -2.66658
690 -3.46337 -25.4313 -2.59233
691 -3.82649 -25.6531 -2.62029
692 -3.78136 -25.7126 -2.08599
693 -3.72366 -25.7531 -1.04577
694 -3.7081 -25.7383 -0.210409
695 -3.71403 -25.7748 0.589681
696 -3.67644 -25.8067 1.61527
697 -3.65403 -25.7915 1.36231
698 -3.35733 -25.5543 0.70751
699 -2.87616 -25.1184 0.821439
700 -2.46307 -24.6498 0.874775
701 -2.12764 -24.2002 0.933655
702 -1.74222 -23.7971 0.818074
703 -1.32361 -23.3537 0.851879
704 -0.936105 -22.8792 0.869524
705 -0.543974 -22.3703 0.939898
706 -0.201953 -22.0045 0.67086
707 -0.180055 -22.0264 0.149711
708 -0.180805 -22.0472 -0.490415
709 -0.242962 -22.018 -0.822675
710 -0.254983 -22.0098 -1.38488
711 -0.238373 -22.0073 -1.98296
712 -0.265833 -21.9897 -2.54453
713 -0.683009 -22.0984 -2.82969
714 -1.19603 -22.1555 -3.0266
715 -1.8085 -22.2593 -2.92312
716 -2.43697 -22.3769 -3.06123
717 -3.05212 -22.4494 -2.9765
718 -3.82622 -22.4983 3.13136
719 -4.44977 -22.5226 -3.07727
720 -5.07359 -22.5452 -3.13635
721 -5.6978 -22.5698 -3.06795
722 -5.71969 -22.5877 -3.00108
723 -5.72253 -22.6119 -1.91018
724 -5.70623 -22.6286 -0.840314
725 -5.69616 -22.634 -0.205453
726 -5.37063 -22.5635 0.249052
727 -4.75399 -22.3834 0.27989
728 -4.13092 -22.2169 0.281322
729 -3.51671 -22.0152 0.338966
730 -2.92427 -21.7848 0.376427
731 -2.25384 -21.5277 0.388798
732 -2.11267 -21.5306 0.835748
733 -2.06747 -21.5714 1.83296
734 -2.24529 -21.0479 1.91139
735 -2.42914 -20.4932 1.87978
736 -2.36358 -20.4667 2.48036
737 -2.34757 -20.4239 -3.00069
738 -2.86968 -20.5093 -2.9812
739 -3.42779 -20.5536 -3.03836
740 -3.87662 -20.631 -2.97463
741 -3.87877 -20.6123 2.94047
742 -3.88707 -20.5973 2.28879
743 -3.90805 -20.6089 1.67306
744 -3.95784 -20.6039 1.13468
745 -4.01666 -20.5739 0.54226
746 -3.49611 -20.447 0.0680327
747 -2.90675 -20.4155 0.0329914
748 -2.37738 -20.4259 -0.0351964
749 -2.30863 -20.3774 0.39423
750 -2.34419 -20.3098 1.3217
751 -2.43652 -20.0495 1.96203
752 -2.68214 -19.3987 1.8585
753 -2.87384 -18.7387 1.92129
754 -3.07706 -18.0615 1.75841
755 -3.21384 -17.4223 1.84576
756 -3.33478 -16.7994 1.66798
757 -3.41461 -16.1476 1.77856
758 -3.58029 -15.5561 1.91741
759 -3.70827 -15.0086 1.79095
760 -3.88254 -14.3295 1.88109
761 -3.93048 -14.3212 2.03754
762 -3.95046 -14.3305 2.96913
763 -4.54011 -14.3927 -3.02326
764 -4.9631 -14.4351 -3.05204
765 -4.9731 -14.4185 -2.41577
766 -4.97696 -14.4223 -1.42014
767 -4.9566 -14.4218 -0.493666
768 -4.93483 -14.3865 0.225202
769 -4.33846 -14.1363 0.380397
770 -3.71553 -13.9032 0.3117
771 -3.65889 -13.8542 0.868812
772 -3.66746 -13.8383 1.73154
773 -3.78527 -13.2336 1.81573
774 -3.93892 -12.6726 1.83641
775 -3.91909 -12.663 2.67668
776 -4.16267 -12.6725 -2.99254
777 -4.777 -12.7766 -2.93485
778 -5.37066 -12.9019 -2.95694
779 -5.9608 -13.021 -2.94117
780 -6.16581 -13.0237 -3.07428
781 -6.17686 -13.0009 2.6299
782 -6.33292 -12.7735 2.19576
783 -6.68253 -12.2659 2.19295
784 -6.81503 -12.0771 2.16933
785 -6.78565 -12.0481 1.61205
786 -6.75503 -12.0425 1.01815
787 -6.75472 -12.045 0.522558
788 -6.76283 -12.0158 -0.112437
789 -6.74892 -11.9664 -0.669713
790 -6.38321 -12.2927 -0.739446
791 -5.91375 -12.6692 -0.643576
792 -5.6172 -12.786 0.0541062
793 -5.05248 -12.7328 0.104769
794 -4.47048 -12.6443 0.182141
795 -4.50216 -12.6445 0.622351
796 -4.54392 -12.6139 1.29613
797 -4.53388 -12.3048 1.56465
798 -4.53558 -11.6627 1.62048
799 -4.59197 -11.0077 1.69191
800 -4.68342 -10.3597 1.77043
801 -4.84088 -9.72343 1.85598
802 -5.04037 -9.10602 1.91342
803 -5.17367 -8.47148 1.74853
804 -5.29866 -7.8312 1.80435
805 -5.47796 -7.20262 1.88065
806 -5.67737 -6.61347 1.92217
807 -5.74277 -6.43397 2.20748
808 -5.74561 -6.43199 -3.13347
809 -6.33157 -6.53416 -2.99096
810 -6.9628 -6.5478 -3.13319
811 -7.57413 -6.56785 -3.13806
812 -7.58024 -6.55642 -2.41083
813 -7.59144 -6.57135 -1.44128
814 -7.58711 -6.57274 -0.454903
815 -7.55857 -6.56049 0.458876
816 -7.56014 -6.53866 1.13571
817 -7.56088 -6.52562 0.462753
818 -7.33234 -6.50267 -0.0295801
819 -6.73616 -6.51916 -0.0171803
820 -6.13333 -6.54081 -0.0602706
821 -5.58143 -6.57048 -0.0463178
822 -5.57738 -6.52595 0.68725
823 -5.57652 -6.50126 1.5732
824 -5.62836 -5.78707 1.50323
825 -5.56791 -5.10801 1.48158
826 -5.59818 -4.44272 1.65416
827 -5.63899 -3.74725 1.61282
828 -5.68758 -3.05881 1.65499
829 -5.72421 -2.44855 1.61623
830 -5.74777 -1.83369 1.60875
831 -5.74796 -1.24621 1.56278
832 -5.7501 -0.673794 1.55989
833 -5.76779 -0.428888 1.69839
834 -5.79799 -0.428006 2.75582
835 -5.81279 -0.433382 -2.74762
836 -5.83084 -0.430977 -1.80208
837 -5.85289 -0.444353 -0.762971
838 -5.84972 -0.461249 0.101516
839 -5.84942 -0.45135 -0.115788
840 -5.83586 -0.457847 -0.676849
841 -5.83857 -0.490162 -1.29222
842 -5.83537 -0.715215 -1.52199
843 -5.81347 -1.2787 -1.52372
844 -5.77901 -1.89771 -1.53083
845 -5.76124 -2.52242 -1.5445
846 -5.73482 -3.14826 -1.54163
847 -5.73195 -3.77288 -1.56707
848 -5.74179 -3.93326 -1.08567
849 -5.76216 -3.95122 -0.161922
850 -5.39676 -3.88544 0.192204
851 -4.78226 -3.80069 0.100155
852 -4.15504 -3.74246 0.114949
853 -3.56764 -3.67587 0.0874081
854 -2.97719 -3.63115 0.0897687
855 -2.3863 -3.57036 0.088318
856 -1.72033 -3.52952 0.0473522
857 -1.05443 -3.49318 0.0375951
858 -0.388449 -3.48879 -0.0170798
859 0.149373 -3.49179 -0.0240519
860 0.151772 -3.49699 0.827436
861 0.170574 -3.40992 1.74301
862 0.0877639 -2.77609 1.68326
863 0.0256386 -2.15346 1.65066
864 -0.00411995 -1.55302 1.64845
865 -0.0780258 -0.960507 1.70597
866 -0.143584 -0.392974 1.70476
867 -0.14655 -0.2293 1.88589
868 -0.140379 -0.208173 2.91049
869 -0.153905 -0.212276 -2.39357
870 -0.141928 -0.22845 -1.39328
871 -0.115592 -0.226684 -0.418873
872 -0.0979405 -0.206546 0.266608
873 -0.0916055 -0.196629 -0.305847
874 -0.0699613 -0.182075 -0.865365
875 -0.039952 -0.174621 -1.45178
876 -0.0533452 -0.741291 -1.60942
877 -0.10161 -1.3005 -1.69415
878 -0.0892085 -1.51596 -1.3112
879 0.131012 -2.11942 -1.26027
880 0.254814 -2.55934 -1.37307
881 0.249955 -2.4954 -1.36783
882 0.320296 -3.14419 -1.61444
883 0.217638 -3.7725 -1.80526
884 0.120281 -4.12814 -1.87234
885 0.138534 -4.13817 -1.29063
886 0.173987 -4.13569 -0.271389
887 0.190744 -4.11255 0.741199
888 0.192029 -4.10654 1.72644
889 0.214105 -4.09763 2.62526
890 -0.139033 -4.00742 2.89914
891 -0.713216 -3.84676 2.82877
892 -1.3 -3.63655 2.79319
893 -1.9198 -3.44138 3.02957
894 -2.55683 -3.45558 -3.03241
895 -3.14862 -3.63043 -2.73388
896 -3.15187 -3.67247 -2.25345
897 -3.35444 -4.17344 -1.98009
898 -3.59258 -4.75213 -1.96332
899 -3.79511 -5.2945 -2.03029
900 -4.08922 -5.93335 -2.03266
901 -4.37004 -6.48449 -2.09764
902 -4.66754 -7.04777 -2.0736
903 -4.91052 -7.54474 -2.12015
904 -4.85 -7.58836 -1.42973
905 -4.73779 -8.08828 -1.36744
906 -4.58215 -8.63606 -1.29499
907 -4.39784 -9.23118 -1.29749
908 -4.21825 -9.85307 -1.27047
909 -4.01592 -10.4786 -1.28637
910 -3.9328 -10.656 -1.65271
911 -3.95913 -11.2412 -1.5899
912 -3.95657 -11.8394 -1.57642
913 -3.94941 -12.4148 -1.56771
914 -3.94494 -13.0541 -1.59068
915 -3.95436 -13.6271 -1.62681
916 -3.83987 -13.7529 -1.07786
917 -3.42254 -14.3827 -1.33146
918 -3.31544 -14.9395 -1.4065
919 -3.19357 -15.6106 -1.44948
920 -3.11772 -16.2542 -1.46684
921 -3.03942 -16.9298 -1.52007
922 -3.00305 -17.5821 -1.54727
923 -2.98865 -18.2224 -1.61083
924 -3.00827 -18.7488 -1.59521
925 -2.95157 -18.7566 -1.09258
926 -2.65488 -19.306 -1.07749
927 -2.34069 -19.8848 -1.102
928 -2.03643 -20.4797 -1.11219
929 -1.74197 -21.0724 -1.11443
930 -1.4483 -21.676 -1.20354
931 -1.22478 -22.2923 -1.29013
932 -1.04835 -22.9191 -1.35556
933 -0.922889 -23.543 -1.42605
934 -0.846749 -24.0321 -1.4411
935 -0.761557 -24.0263 -0.77227
936 -0.728665 -23.995 0.197818
937 -0.241824 -23.8631 0.26774
938 0.369461 -23.7379 0.102339
939 0.94119 -23.6615 0.135779
940 1.5627 -23.6056 0.0497545
941 2.18238 -23.5909 -0.00411265
942 2.71336 -23.5921 0.000136504
943 3.33386 -23.5826 0.0881219
944 3.95762 -23.535 0.0310839
945 4.59065 -23.5296 -0.0247094
946 4.78923 -23.5622 0.0389243
947 5.19386 -23.4089 0.366094
948 5.73693 -23.2021 0.347459
949 6.32312 -23.0416 0.192522
950 6.95325 -22.9441 -0.0460695
951 7.59063 -22.9875 -0.117434
952 8.22773 -23.0342 0.134481
953 8.85661 -22.9313 0.215706
954 9.39439 -22.8039 0.209342
955 10.0713 -22.6918 0.0490878
956 10.5604 -22.6528 0.047438
957 11.1449 -22.6449 -0.0395922
958 11.6007 -22.6648 -0.0656812
959 12.0989 -22.7174 -0.13207
960 12.7205 -22.7505 -0.052139
961 13.3218 -22.7943 -0.0792995
962 13.9483 -22.7866 -0.0137248
963 14.6198 -22.7481 0.173228
964 15.21 -22.6681 0.109334
965 15.8308 -22.6113 0.102414
966 16.2485 -22.573 0.0437989
967 16.2596 -22.6447 0.898322
968 16.3213 -22.6855 1.79623
969 16.3452 -22.6794 1.85605
970 16.3507 -22.6951 1.85464
971 16.2535 -22.3642 1.85508
972 16.0814 -21.7902 1.86101
973 16.0426 -21.2033 1.57647
974 16.0427 -20.5702 1.60854
975 16.0146 -19.9446 1.61337
976 15.979 -19.3176 1.62649
977 15.9706 -18.7113 1.60107
978 15.9453 -18.0711 1.64767
979 15.9176 -17.4723 1.63568
980 15.8681 -16.8449 1.68255
981 15.8136 -16.245 1.68903
982 15.7387 -15.6989 1.73306
983 15.6504 -15.1097 1.72996
984 15.5384 -14.5167 1.7875
985 15.4103 -13.9302 1.80782
986 15.251 -13.326 1.84404
987 15.1021 -12.7347 1.80707
988 14.9613 -12.1293 1.82039
989 14.8045 -11.531 1.82785
990 14.6568 -10.9352 1.8167
991 14.4978 -10.334 1.84093
992 14.3594 -9.76281 1.80753
993 14.202 -9.15874 1.83925
994 14.0525 -8.58822 1.8281
995 13.8779 -7.95232 1.87236
996 13.6628 -7.3013 1.89628
997 13.4391 -6.61223 1.82806
998 13.3234 -6.15592 1.8462
999 13.2746 -6.15811 2.55356
1000 12.6356 -5.82158 2.69747
1001 12.0616 -5.49801 2.37013
1002 11.5332 -5.0108 2.45828
1003 11.0058 -4.54357 2.2732
1004 10.562 -4.05163 2.3281
1005 10.1142 -3.60428 2.38718
1006 9.6313 -3.18057 2.46114
1007 9.14763 -2.81271 2.54937
1008 8.89764 -2.6763 2.70514
1009 8.76005 -2.71984 -3.10672
1010 8.23439 -2.75943 -3.05285
1011 7.59844 -2.81906 -3.09632
1012 6.97682 -2.85177 -3.0545
1013 6.35194 -2.95315 -2.93932
1014 5.71159 -3.00666 -3.11406
1015 5.08141 -3.06534 -3.02882
1016 4.3052 -3.14712 -3.02113
1017 3.72786 -3.219 -3.07746
1018 3.15527 -3.24836 -3.06935
1019 2.55358 -3.32185 -3.00883
1020 1.93208 -3.38706 -3.02182
1021 1.31343 -3.45637 -3.06134
1022 1.2646 -3.44948 -3.06754
1023 1.24098 -3.41778 -2.97976
1024 0.60999 -3.51683 -2.95229
1025 -0.00913231 -3.65247 -2.93353
1026 -0.178197 -3.6887 -2.92517
1027 -0.190542 -3.65429 -2.00435
1028 -0.150764 -3.81837 -1.43802
1029 -0.0847325 -4.35773 -1.45833
1030 -0.0209219 -5.00538 -1.54086
1031 -0.0101702 -5.67993 -1.59715
1032 -0.0249196 -6.34655 -1.59519
1033 -0.0500786 -7.02206 -1.64268
1034 0.00443093 -7.20366 -1.85963
1035 0.0667835 -7.23189 -2.48442
1036 0.106057 -7.28037 -3.06034
1037 -0.21714 -7.21942 2.98119
1038 -0.805294 -7.19554 3.06981
1039 -1.42746 -7.12854 3.03598
1040 -1.4281 -7.14791 -2.62273
1041 -1.40856 -7.17946 -1.61401
1042 -1.37742 -7.18915 -0.634107
1043 -1.36674 -7.19153 0.32767
1044 -1.36767 -7.22983 1.31332
1045 -1.3787 -7.22907 1.21002
1046 -1.40035 -7.23499 0.841086
1047 -1.43654 -7.22823 0.306254
1048 -1.07193 -7.23775 0.00806689
1049 -0.427471 -7.22006 0.0340001
1050 0.209868 -7.16825 0.119363
1051 0.892195 -7.09639 0.030885
1052 1.48376 -7.05395 0.0743523
1053 1.91989 -7.02601 0.012142
1054 1.92134 -6.86588 0.750033
1055 1.84085 -6.78767 1.78212
1056 1.88861 -6.79577 2.75902
1057 1.89623 -6.82624 -2.50344
1058 1.98429 -6.94641 -1.55366
1059 1.99889 -7.62511 -1.62646
1060 1.96168 -8.32069 -1.6149
1061 1.98677 -8.87944 -1.72969
1062 2.01791 -8.90386 -2.2901
1063 2.03689 -8.91759 -2.88384
1064 1.7626 -8.9062 3.13662
1065 1.17697 -8.95433 -3.02257
1066 0.624668 -8.99749 -3.07687
1067 0.611918 -8.98989 -2.64081
1068 0.610736 -8.99839 -1.96339
1069 0.633465 -9.01393 -1.79079
1070 0.660418 -9.02829 -2.32591
1071 0.255466 -9.35919 -2.45105
1072 -0.137843 -9.66226 -2.51783
1073 -0.134875 -9.66293 -3.02518
1074 -0.666071 -9.70056 -3.05773
1075 -1.24673 -9.74714 -3.03935
1076 -1.30081 -9.82492 -2.63731
1077 -1.24632 -9.91433 -1.83437
1078 -1.35627 -10.6021 -1.79084
1079 -1.47704 -11.2184 -1.73049
1080 -1.40537 -11.229 -2.22084
1081 -1.73572 -11.5596 -2.34588
1082 -1.85173 -11.7442 -2.06744
1083 -1.81371 -11.7516 -1.03584
1084 -1.74009 -11.7144 -0.0691429
1085 -1.71465 -11.618 0.928831
1086 -1.5077 -11.1155 1.16465
1087 -1.25769 -10.551 1.15584
1088 -1.01974 -9.94744 1.14197
1089 -1.017 -9.85991 1.04738
1090 -1.05761 -9.8348 0.434074
1091 -0.534003 -9.6847 0.258172
1092 0.0569283 -9.53426 0.243735
1093 0.614045 -9.41298 0.1794
1094 0.615601 -9.39886 -0.22307
1095 0.646581 -9.3831 -0.810729
1096 0.679947 -9.37108 -1.37993
1097 0.669338 -9.72341 -1.59417
1098 0.6313 -10.3572 -1.6501
1099 0.571967 -11.0114 -1.74483
1100 0.630098 -11.0405 -1.3797
1101 0.760716 -11.3386 -1.11208
1102 0.790102 -11.3362 -1.50366
1103 0.81726 -12.0121 -1.5364
1104 0.844086 -12.7185 -1.56322
1105 0.846587 -13.412 -1.58039
1106 0.845766 -13.9607 -1.60501
1107 0.905692 -13.9717 -1.34798
1108 1.12006 -14.6302 -1.33963
1109 1.2485 -15.3275 -1.44309
1110 1.34308 -15.9948 -1.49231
1111 1.30094 -16.5895 -1.59341
1112 1.40655 -17.166 -1.2469
1113 1.63675 -17.8334 -1.34231
1114 1.78743 -18.4879 -1.32541
1115 1.95507 -19.1116 -1.34183
1116 2.13875 -19.7936 -1.30592
1117 2.21847 -19.8864 -1.4341
1118 2.26701 -19.882 -2.04218
1119 2.31835 -19.9052 -2.4745
1120 1.84323 -20.226 -2.5386
1121 1.66819 -20.3537 -2.65774
1122 1.68277 -20.3836 3.07398
1123 1.14292 -20.3454 3.09042
1124 0.608553 -20.3637 -3.09464
1125 0.00908559 -20.393 -3.08171
1126 -0.0776536 -20.4174 -2.74301
1127 -0.0773693 -20.4166 -1.68838
1128 -0.134291 -20.4078 -0.703451
1129 -0.126594 -20.4162 0.309648
1130 0.389654 -20.2337 0.322667
1131 1.15822 -20.179 -0.110791
1132 1.7378 -20.249 -0.131338
1133 2.25524 -20.3391 -0.170984
1134 2.50156 -20.3969 -0.269076
1135 2.51544 -20.3816 -0.827361
1136 2.50313 -20.3961 -1.39157
1137 2.4759 -20.65 -1.57673
1138 2.4582 -21.2629 -1.59362
1139 2.43917 -21.7695 -1.66789
1140 2.45468 -21.769 -2.14914
1141 2.43457 -21.7585 -2.69912
1142 2.08218 -21.7651 -3.06518
1143 1.46467 -21.8441 -2.9766
1144 0.887587 -21.924 -3.00778
1145 0.310542 -21.9916 -3.03365
1146 -0.280703 -22.0531 -3.01415
1147 -0.862159 -22.1626 -2.94154
1148 -1.47315 -22.2862 -2.94834
1149 -1.53151 -22.3618 -2.48717
1150 -1.4993 -22.3934 -1.57228
1151 -1.50325 -22.4082 -0.574729
1152 -1.48195 -22.3921 0.471637
1153 -1.4862 -22.361 1.47805
1154 -1.60978 -22.0515 2.02091
1155 -1.89763 -21.4566 1.97024
1156 -2.13801 -20.867 1.97905
1157 -2.39225 -20.3177 2.08865
1158 -2.66759 -19.7441 1.95849
1159 -2.88652 -19.1331 1.86524
1160 -3.08748 -18.4801 1.72927
1161 -3.14028 -17.8059 1.64023
1162 -3.19282 -17.1462 1.6989
1163 -3.285 -16.4708 1.69392
1164 -3.3823 -15.8132 1.7798
1165 -3.46284 -15.3763 1.7563
1166 -3.391 -15.3574 2.24391
1167 -3.35816 -15.331 -3.10448
1168 -3.3629 -15.3211 -2.20282
1169 -3.30747 -15.3959 -1.38272
1170 -3.18645 -15.9758 -1.37664
1171 -3.04517 -16.5968 -1.34555
1172 -2.9119 -17.1986 -1.4087
1173 -2.80335 -17.8174 -1.40023
1174 -2.70522 -18.4567 -1.46969
1175 -2.65524 -19.082 -1.50381
1176 -2.61145 -19.7336 -1.54744
1177 -2.59523 -20.3762 -1.54539
1178 -2.5879 -21.0266 -1.59262
1179 -2.59148 -21.6678 -1.56334
1180 -2.58865 -21.9503 -1.5704
1181 -2.57593 -21.9566 -0.742594
1182 -2.51371 -21.9695 -0.0306818
1183 -1.86971 -21.9837 -0.00540152
1184 -1.21486 -21.9609 0.0641604
1185 -0.567586 -21.9319 0.0319669
1186 0.0812183 -21.8896 0.0982848
1187 0.746837 -21.8298 0.0613611
1188 1.38934 -21.7816 0.0796838
1189 2.04151 -21.7438 0.102875
1190 2.35967 -21.7132 0.112303
1191 2.35451 -21.6799 1.03768
1192 2.29931 -21.5765 1.83973
1193 2.13222 -20.9418 1.70926
1194 2.03154 -20.3274 1.75244
1195 1.9077 -19.6696 1.80573
1196 1.7243 -19.0201 1.63405
1197 1.67333 -18.355 1.64583
1198 1.59118 -17.7156 1.9052
1199 1.38479 -17.084 1.69077
1200 1.28693 -16.4163 1.75976
1201 1.15821 -15.7633 1.81536
1202 0.985446 -15.1089 1.83791
1203 0.775625 -14.4955 1.74735
1204 0.731984 -13.8468 1.59961
1205 0.701983 -13.2342 1.62822
1206 0.644505 -12.6006 1.68821
1207 0.630265 -11.9332 1.60056
1208 0.594713 -11.2632 1.66353
1209 0.527899 -10.5927 1.65987
1210 0.438686 -9.92867 1.67846
1211 0.415359 -9.2786 1.60709
1212 0.382471 -8.63662 1.65812
1213 0.299832 -7.99461 1.73206
1214 0.180469 -7.23019 1.5096
1215 0.201801 -6.61511 1.5684
1216 0.11615 -6.04327 1.78495
1217 0.00464831 -5.43149 1.76475
1218 -0.109703 -4.86792 1.7141
1219 -0.208298 -4.24239 1.74471
1220 -0.336951 -3.68715 1.83544
1221 -0.337967 -3.68933 1.38269
1222 -0.330301 -3.67763 0.785385
1223 -0.319341 -3.67227 0.225758
1224 0.260487 -3.63048 0.0428497
1225 0.885446 -3.59978 0.0566137
1226 0.991785 -3.59387 0.0398827
1227 0.991785 -3.59387 0.0392207
