0 0.311946 -0.0201157 -3.44043
1 0.418769 -0.0117963 1.19957
2 0.304452 -0.113291 -3.26635
3 0.239285 -0.0224361 3.21518
4 0.265444 -0.154732 -0.875835
5 0.340809 0.0416112 1.31786
6 0.402931 -0.0709902 0.384421
7 0.256582 0.0496573 -0.477283
8 0.221059 -0.0066864 0.715777
9 0.279798 0.0048601 0.0933363
10 0.267327 -0.000147551 -0.417204
11 -0.398073 -0.0141515 36.505
12 -0.0295075 -0.0806055 32.4769
13 0.210851 -0.348008 24.0972
14 0.254077 -0.000460476 0.50835
15 0.404822 -0.0788665 1.49773
16 0.281343 -0.00548117 -0.125372
17 0.392601 0.0447064 2.4216
18 0.0754293 0.16853 -1.82162
19 0.0444291 -0.197493 -33.102
20 -0.0714121 0.0268165 -31.973
21 -0.0571063 -0.0272475 -33.4077
22 0.613827 -0.254612 -25.3664
23 0.0159305 -0.0240716 -40.5354
24 0.298837 0.0811426 0.413268
25 0.225568 -0.0304206 -1.08307
26 0.313955 0.0183876 -0.544085
27 0.379263 -0.0563615 -0.342159
28 0.328459 -0.0719593 1.90605
29 -0.0313685 0.336803 -29.7015
30 -0.0102019 -0.16772 -36.4161
31 0.336269 0.0982991 -26.8939
32 0.40683 0.0197401 -0.216544
33 0.642061 0.0667661 3.24266
34 0.285537 0.0656105 -1.53729
35 0.482183 -0.0691983 0.502886
36 0.37899 0.0832699 1.68262
37 0.403152 -0.0337631 1.62259
38 0.450362 0.0553625 -2.46324
39 -0.123626 -0.0809622 27.8543
40 -0.0463089 -0.0517673 42.4017
41 0.0196785 0.0879309 27.4837
42 -0.0631497 0.018368 29.8545
43 0.036882 -0.0723931 35.2646
44 0.0430112 -0.0424392 16.7884
