0 -0.004959 -0.044014 42.8554
1 0.411084 0.032499 0.607746
2 0.773718 0.024373 359.463
3 1.11075 -0.003542 357.209
4 1.44555 -0.020269 359.155
5 1.75106 -0.030842 1.79374
6 2.07986 -0.026263 4.27857
7 2.40181 -0.013628 2.59783
8 2.71698 -0.016562 2.38169
9 3.07123 -0.027244 0.521531
10 3.71427 -0.02665 4.52497
11 3.86967 -0.017604 333.001
12 3.88923 -0.05364 302.745
13 3.88923 -0.05364 302.745
14 4.03687 -0.293452 135.078
15 4.10868 -0.661436 99.29
16 4.13186 -0.96713 92.9703
17 4.06382 -1.34704 267.216
18 4.07839 -1.65567 268.988
19 4.08864 -1.94462 302.135
20 4.08864 -1.94462 302.135
21 4.08864 -1.94462 302.135
22 4.08864 -1.94462 302.135
23 4.08864 -1.94462 302.135
24 4.08864 -1.94462 302.135
25 4.07839 -1.65567 268.988
26 4.14142 -1.28581 90.1002
27 4.13186 -0.96713 92.9703
28 4.04565 -0.367413 104.685
29 4.03687 -0.293452 135.078
30 4.03687 -0.293452 135.078
31 4.03687 -0.293452 135.078
32 3.88923 -0.05364 302.745
33 3.40534 -0.111028 179.833
34 2.73034 -0.1196 180.625
35 2.42736 -0.11475 179.685
36 1.75106 -0.030842 1.79374
37 1.16573 -0.081551 179.075
38 0.847659 -0.075493 178.525
39 0.209386 -0.059199 177.232
40 -0.004959 -0.044014 42.8554
41 -0.005619 -0.042819 10.9317
42 -0.005619 -0.042819 10.9317
43 -0.005619 -0.042819 10.9317
44 -0.005619 -0.042819 10.9317
