0 0.020715 -0.035907 356.917
1 0.408727 -0.037989 359.08
2 0.708857 -0.014001 1.0444
3 1.02399 -0.004468 2.20088
4 1.3303 0.012109 0.635089
5 1.69638 0.01235 1.39829
6 2.01959 0.014131 359.567
7 2.5383 0.011426 359.599
8 2.85678 0.014226 0.577725
9 3.2207 0.014322 359.727
10 3.64426 0.024193 2.20752
11 3.94865 0.043362 2.28957
12 4.01565 0.036736 325.643
13 4.04113 0.025911 290.113
14 4.04847 -0.276324 270.398
15 4.04688 -0.61347 271.375
16 4.05601 -0.924223 270.578
17 4.06332 -1.2799 270.495
18 4.05924 -1.62857 270.677
19 4.06006 -1.92811 269.669
20 4.06612 -1.92217 307.101
21 4.06822 -1.92334 337.444
22 4.06859 -1.92872 11.6091
23 4.06791 -1.92137 42.3916
24 4.07992 -1.92029 82.9879
25 4.08249 -1.61179 85.2346
26 4.11402 -1.30721 86.1978
27 4.12017 -0.974134 87.9498
28 4.14265 -0.465586 87.9569
29 4.15584 -0.164782 86.6126
30 4.15736 -0.108191 121.413
31 4.15993 -0.105677 154.701
32 3.82242 -0.092364 182.469
33 3.48062 -0.110965 181.858
34 2.73514 -0.106334 179.53
35 2.36179 -0.10598 181.199
36 1.71641 -0.094857 180.466
37 1.24608 -0.066897 176.201
38 0.835562 -0.038772 176.172
39 0.246346 -0.005024 178.846
40 0.101445 0.00073 148.305
41 0.096584 0.020041 111.599
42 0.108257 0.035713 79.7499
43 0.104883 0.041985 48.4712
44 0.088227 0.045286 16.9601
