0 0.240063 -0.104956 0.0521498
1 0.453316 -0.0783656 0.0669376
2 0.765786 -0.0519422 0.0808703
3 1.11236 -0.0353464 0.0692043
4 1.43394 -0.0268596 0.0458998
5 1.78462 -0.0236472 0.0448834
6 2.10008 -0.0242135 0.0350025
7 2.44389 -0.0141417 0.0550547
8 2.75602 -0.00717234 0.0545226
9 3.09007 0.0119524 0.0815714
10 3.64036 0.0190961 0.0336906
11 3.97063 0.0212092 0.0257211
12 4.32349 0.0187999 0.0275827
13 4.93752 0.0224853 0.0397777
14 5.29379 0.021543 0.0446641
15 5.62574 0.0203677 0.0375052
16 6.15293 0.034975 0.0637586
17 6.30687 0.0392269 0.0570203
18 6.637 0.0454119 0.0515981
19 6.97201 0.0520412 0.0461455
20 7.19339 -0.0932024 -0.781854
21 7.17294 -0.120345 -1.05418
22 7.18904 -0.480781 -1.44649
23 7.21823 -0.797257 -1.4879
24 7.25576 -1.10735 -1.48603
25 7.29252 -1.43149 -1.48161
26 7.31799 -1.77802 -1.50638
27 7.33183 -2.14901 -1.51477
28 7.34227 -2.45825 -1.50506
29 7.3382 -2.77631 -1.53705
30 7.34756 -3.16568 -1.51956
31 7.35683 -3.52882 -1.51557
32 7.36229 -3.87062 -1.52376
33 7.36984 -4.23626 -1.52406
34 7.38153 -4.54579 -1.5213
35 7.37789 -5.03572 -1.53459
36 7.38344 -5.19383 -1.53284
37 7.38637 -5.67954 -1.54399
38 7.32218 -5.93104 -1.79706
39 7.22895 -6.03921 -2.35431
40 7.20173 -6.01516 -2.64594
41 6.85072 -6.00307 -3.0574
42 6.52308 -6.03187 -3.05184
43 6.16332 -6.04564 -3.07946
44 5.8484 -6.0596 -3.08417
45 5.53663 -6.07048 -3.08538
46 5.22465 -6.08406 -3.08213
47 4.8872 -6.09813 -3.07932
48 4.56128 -6.1065 -3.09367
49 4.23763 -6.10868 -3.09962
50 3.91908 -6.11109 -3.09618
51 3.53724 -6.11964 -3.07332
52 3.21278 -6.12014 -3.09058
53 2.88763 -6.12294 -3.08907
54 2.33542 -6.12984 -3.09147
55 1.99758 -6.12689 -3.11477
56 1.68506 -6.12448 -3.10525
57 1.38297 -6.12256 -3.11299
58 1.06929 -6.13504 -3.07963
59 0.71329 -6.14469 -3.0749
60 0.407041 -6.14239 -3.11526
61 0.104084 -6.12636 -3.13852
62 0.0829177 -6.08096 2.82794
63 0.0922802 -6.01419 2.28849
64 0.111854 -5.99113 2.05895
65 0.126146 -5.64464 1.66619
66 0.0847183 -5.33523 1.67674
67 0.0489056 -5.0125 1.67337
68 0.010856 -4.67598 1.66367
69 -0.00814977 -4.33712 1.65499
70 -0.0328934 -4.0213 1.66282
71 -0.0408932 -3.7153 1.64144
72 -0.0481727 -3.40641 1.62977
73 -0.0562329 -3.0774 1.62274
74 -0.0687605 -2.75091 1.64494
75 -0.0841095 -2.43052 1.64285
76 -0.0935148 -2.11049 1.64435
77 -0.102276 -1.80566 1.63811
78 -0.111841 -1.48987 1.63677
79 -0.118785 -1.18503 1.65729
80 -0.127726 -0.840497 1.65028
81 -0.142571 -0.339653 1.63727
82 -0.108011 -0.0338706 1.51224
83 -0.0653938 0.0413942 1.21938
84 0.0234624 0.0977968 0.659567
0 0.240063 -0.104956 0.0521498
