0 -0.03384 -0.094143 6.27656
1 0.179289 -0.0716074 0.00816895
2 0.491696 -0.0490028 0.0221017
3 0.838318 -0.0292096 0.0104357
4 1.16014 -0.0143384 -0.0128688
5 1.51082 -0.0108468 -0.0138852
6 1.8264 -0.00870847 -0.0237661
7 2.16997 -0.00412629 -0.00371388
8 2.4821 0.00298834 -0.00424602
9 2.81598 0.0147006 0.0228028
10 3.3667 0.0349599 -0.025078
11 3.69712 0.0392538 -0.0330475
12 4.04994 0.0363351 -0.0311859
13 4.66377 0.0366837 -0.018991
14 5.01999 0.034405 -0.0141045
15 5.35204 0.0351903 -0.0212634
16 5.87892 0.042605 0.00499
17 6.03293 0.0487041 -0.0017483
18 6.36311 0.0563731 -0.00717051
19 6.69819 0.0644958 -0.0126231
20 7.0149 0.117422 -0.840621
21 7.05992 0.12938 -1.11295
22 7.18008 -0.206812 -1.50526
23 7.22062 -0.523151 -1.54667
24 7.25764 -0.833242 -1.5448
25 7.29318 -1.15738 -1.54038
26 7.32544 -1.504 -1.56515
27 7.34158 -1.87507 -1.57354
28 7.34935 -2.18423 -1.56383
29 7.35404 -2.50266 -1.59582
30 7.35861 -2.8918 -1.57833
31 7.3668 -3.25489 -1.57434
32 7.3745 -3.59678 -1.58253
33 7.38214 -3.96243 -1.58283
34 7.39307 -4.27194 -1.58007
35 7.39306 -4.76203 -1.59336
36 7.39814 -4.92013 -1.59161
37 7.40411 -5.406 -1.60276
38 7.4078 -5.66853 -1.85583
39 7.44013 -5.86094 -2.41307
40 7.45377 -5.90739 -2.7047
41 7.12483 -6.0051 -3.11617
42 6.7972 -6.03237 -3.11061
43 6.43731 -6.05372 -3.13823
44 6.12236 -6.06896 3.14025
45 5.81057 -6.08017 3.13904
46 5.49862 -6.09286 -3.1409
47 5.16119 -6.10617 -3.13809
48 4.83513 -6.11847 3.13074
49 4.51141 -6.12228 3.1248
50 4.19291 -6.12375 3.12823
51 3.81128 -6.12603 -3.13209
52 3.48666 -6.13127 3.13384
53 3.16153 -6.13365 3.13535
54 2.6093 -6.14121 3.13295
55 2.27111 -6.14463 3.10965
56 1.95875 -6.13962 3.11916
57 1.65654 -6.13982 3.11143
58 1.34328 -6.14316 -3.1384
59 0.987322 -6.15151 -3.13367
60 0.680569 -6.16026 3.10916
61 0.377823 -6.15058 3.0859
62 0.33466 -6.18894 2.76917
63 0.25282 -6.23613 2.22972
64 0.218792 -6.25086 2.00017
65 0.127187 -5.91876 1.60742
66 0.0886517 -5.60932 1.61797
67 0.0519154 -5.2866 1.6146
68 0.011206 -4.9501 1.6049
69 -0.0101772 -4.61122 1.59623
70 -0.0327746 -4.29541 1.60405
71 -0.0466338 -3.98935 1.58268
72 -0.0571113 -3.68037 1.571
73 -0.0670981 -3.35129 1.56397
74 -0.0735435 -3.02498 1.58617
75 -0.0894645 -2.70458 1.58408
76 -0.0984592 -2.38455 1.58558
77 -0.108929 -2.07968 1.57934
78 -0.118863 -1.76389 1.578
79 -0.120184 -1.45914 1.59852
80 -0.131047 -1.11457 1.59151
81 -0.149457 -0.613681 1.5785
82 -0.149034 -0.305648 1.45348
83 -0.182854 -0.206159 1.16061
84 -0.207503 -0.0496318 0.600799
